282 1138
215 2493
818 2026
383 2357
95 2007
642 2088
1262 1265
186 1668
1093 1254
1448 1465
1505 1896
1243 2003
530 2224
2057 2126
605 818
899 2272
887 2038
576 1004
137 1903
1646 1923
905 2068
515 1147
70 1122
1533 2240
57 944
216 1440
2319 2353
460 2028
1308 1941
936 1632
694 795
177 726
964 1159
1730 2173
165 2015
204 2041
33 1395
1571 2365
873 1236
438 514
705 2399
498 1835
1413 1980
1265 1837
1326 2442
1334 1908
826 861
1294 2366
1003 1141
840 844
1819 2003
1013 1426
271 2222
496 567
1233 1760
578 1833
2328 2342
2346 2459
807 1879
233 1581
748 1101
1643 2319
20 1624
444 1163
1222 2376
761 1511
1560 1568
452 910
96 1345
282 522
1500 2059
506 1905
194 2431
740 2235
397 564
303 1123
638 650
530 578
920 1717
1329 2132
755 2346
76 974
704 1581
197 1105
889 1089
1542 2112
225 1144
557 2061
980 1140
505 794
2122 2372
1276 1991
490 623
1688 2466
958 1563
2417 2450
1969 2173
989 2064
915 1424
621 1604
281 1378
60 652
131 1331
1222 1226
580 1203
38 527
1076 1322
1580 2290
491 2321
820 2318
566 1744
1633 2452
679 2251
144 693
385 1318
2150 2178
92 651
1554 2122
685 1139
139 1663
825 1195
808 1790
110 740
1467 2418
238 844
1251 2223
1452 1791
33 445
1867 1905
74 996
1315 1907
296 1188
2338 2388
1313 1794
955 2120
570 854
147 2205
444 1928
351 1721
90 2454
76 2134
1093 1665
467 2246
2194 2407
82 2119
482 1792
1573 2179
53 2310
138 1529
2150 2463
129 459
1321 1555
373 664
1244 1758
87 429
465 1955
1113 1125
796 1252
537 1331
648 2203
104 2026
642 1320
984 1714
669 954
1356 1906
1395 1849
115 1240
57 90
1655 1979
70 947
1257 2210
1580 1645
571 938
390 2282
43 1530
404 902
206 1918
1182 1293
1630 1971
1198 1449
518 1191
554 2105
87 1489
850 2258
487 1068
1293 1761
506 2444
1220 1240
198 2079
79 2339
1117 1664
980 1953
194 1546
1542 2294
616 2006
1608 2221
320 835
1263 2065
1291 2396
568 1819
1037 1711
33 1262
962 1591
1301 1586
1456 1483
9 2356
443 2360
547 1152
1606 2174
266 1721
1418 1740
545 1676
940 1421
1747 1904
391 2218
417 2333
489 1277
891 1554
1897 2338
114 1150
631 1366
377 413
788 961
564 1219
1574 1642
89 1967
815 1842
1678 2482
846 1489
1709 1834
1655 2023
432 1504
114 1971
1878 2427
1946 2478
2175 2312
247 2091
292 2367
2011 2062
752 1666
694 1110
2134 2154
1511 2351
201 1965
938 1630
694 2011
779 991
323 831
1304 1805
1692 1727
93 565
633 944
384 2474
725 2365
899 1947
589 1955
373 1378
220 446
366 1449
118 2357
733 1672
467 1886
558 1571
637 2172
268 1251
638 1016
1368 2494
1943 2401
635 2189
142 1002
504 1961
527 1781
226 1736
1261 1990
657 680
427 717
1508 1830
661 2063
1034 2214
171 1043
1576 2243
495 1377
580 1005
227 448
411 2416
27 2483
396 1621
110 1563
33 2142
624 1726
1219 1734
776 1968
831 2092
619 892
150 1256
2056 2439
898 2156
141 1865
393 518
177 1265
93 408
432 1275
546 1703
1052 2068
1099 1556
591 1830
234 609
51 665
620 734
2197 2476
1400 2174
1916 2322
1294 2441
671 1065
5 462
455 2013
64 1439
758 1305
1179 1525
994 1200
463 1986
1232 1406
1172 1398
1305 1533
329 2218
511 1870
634 1954
1446 2243
1876 2270
173 1595
507 680
1293 1847
97 1433
1002 1972
763 1688
977 1206
493 734
279 1605
383 1642
490 1385
1113 2186
251 2151
414 749
1437 1457
345 813
1766 2129
999 1610
1497 1903
1893 1961
433 1655
297 435
844 1236
2165 2451
1222 1287
914 1625
49 2109
2261 2379
26 1148
668 951
240 1761
1344 2037
1928 1936
1332 1757
215 2242
390 1015
300 1410
1409 1950
837 955
929 1721
302 407
793 2268
1134 2397
664 1639
1260 1420
1650 1940
460 2319
1402 2338
550 929
1260 1354
1404 2074
1092 1116
727 2116
82 2275
925 1523
10 1682
306 723
2248 2420
331 2454
1616 2014
410 1226
918 2142
1167 2316
345 2251
1008 1584
24 1815
512 1921
482 2388
991 1218
1330 2168
1539 2340
248 594
63 2022
420 1752
2349 2439
1267 1787
1157 1248
231 257
208 243
242 1078
988 2090
853 1632
1844 1957
137 1063
350 1365
210 2459
675 1171
1150 1697
172 247
1565 2235
684 762
1611 1777
1090 1787
1088 2097
920 1436
1553 1839
551 1592
812 2067
1292 1850
381 1807
1969 2410
1793 2398
1001 2258
2101 2429
460 1946
38 622
436 762
431 475
755 1409
1909 2482
525 2067
1376 2459
1124 1983
365 1554
1417 2392
661 1018
1319 2018
95 1361
546 1045
582 785
243 2451
1023 1874
206 1951
1523 2307
878 1799
341 1523
36 1028
973 1974
162 1533
480 1407
679 1681
585 961
1544 2396
405 1013
749 916
189 1591
338 2451
562 728
688 2215
1062 1496
1795 2107
147 1751
1055 2005
1251 2064
1608 1924
395 1114
1259 2266
1946 2469
1103 1481
379 1772
1559 1624
526 1753
1125 1425
1441 1941
560 1184
697 1872
519 923
16 2094
1823 2283
1876 2236
348 2050
112 345
973 1611
980 1450
1676 2203
1391 1396
864 2437
263 1478
110 1938
104 2206
187 861
473 1277
554 951
1115 2401
1059 1932
751 2154
895 1877
793 1034
2269 2482
947 1267
93 257
464 1493
1546 1962
1930 1981
478 1352
2093 2177
2231 2351
66 1991
1376 1837
995 1788
613 1041
572 1690
249 871
138 1351
1467 1718
1688 2322
650 779
596 1838
84 2237
59 750
1691 2207
194 330
335 498
1693 2294
1569 2137
1050 1755
845 1201
454 2000
169 2401
838 2205
176 1046
990 2136
536 1694
39 1282
1856 2448
544 2410
974 1251
399 1064
267 1723
1247 1727
1044 2219
1541 1900
1700 1991
462 818
807 1473
2004 2304
2207 2456
1516 1826
613 738
1720 2334
527 1890
409 1660
1397 2417
143 2119
1219 1247
402 1959
1561 2175
1149 1885
971 1222
840 972
371 1161
1065 1473
2002 2439
1636 1716
826 1712
856 2463
931 1727
1627 1838
1522 1712
932 1272
1256 2269
895 1298
1354 1448
476 931
1373 1866
249 2441
1070 1229
1727 1807
2055 2164
783 1335
1409 2089
1546 2233
1297 2435
1881 2212
954 1801
693 894
295 1322
342 884
568 2269
4 1929
1260 2178
832 2402
1473 1847
329 1200
533 2493
1187 2280
1113 1946
84 288
1281 1473
1383 1637
782 1378
798 1200
1731 1956
1514 2130
806 1980
135 1676
1204 2198
660 1213
184 2164
774 2190
1180 2439
644 2147
1265 1601
352 604
297 2239
1795 1853
1572 1737
61 556
1243 1591
192 1801
110 911
498 1119
36 1762
1642 1746
539 1797
1210 1795
709 2483
315 612
1115 1773
835 1091
1183 1395
616 1942
1807 2089
1332 2123
1620 2263
495 1476
324 1278
1420 1987
1873 2447
204 472
230 421
974 1015
83 1822
1273 2490
1999 2478
874 1645
1545 2128
237 1429
1086 2408
130 969
943 1644
219 1179
12 272
755 880
1304 2063
915 1932
649 2202
773 1395
396 1572
1109 2445
2012 2098
1458 2421
70 651
1693 2473
836 1717
141 1212
381 617
428 735
293 1598
1069 1482
2311 2384
386 873
256 533
533 1823
397 2032
133 1077
2268 2391
269 2493
1085 1089
1731 1987
722 1987
726 1791
1482 2175
334 1799
290 1012
1234 1792
104 1384
227 1102
808 975
349 2467
275 1144
2260 2459
582 2335
1639 1837
286 411
585 690
1978 2050
236 1990
1193 1829
304 1251
395 1036
998 1785
1921 1948
830 1282
264 1578
1225 1973
705 1643
705 1544
370 2351
1184 2345
490 619
1657 1689
707 719
1686 2321
135 397
1435 2179
41 2323
2187 2230
233 1571
913 1204
1114 2240
1217 1750
285 2270
644 784
2077 2428
1904 1971
440 2181
1941 2119
173 1318
745 1426
461 1684
195 768
365 1874
803 2332
258 556
932 1976
1324 1807
2022 2182
91 866
312 728
278 1007
2253 2390
1385 2452
1527 2197
1690 1852
1492 1749
563 1305
16 445
460 1017
501 2181
372 1701
1197 1274
692 1237
911 2273
1388 1595
152 2209
1028 2395
300 2434
2045 2264
2014 2095
1614 2327
1057 1601
1037 1126
516 1603
1931 2148
39 1997
815 2451
1516 1967
33 2403
432 1478
941 2355
795 2416
1357 2286
324 804
1613 2023
1221 2069
581 1346
550 555
682 2226
207 1430
1104 1116
537 1105
1550 2485
1398 1472
1648 2056
252 1548
1058 1733
1707 2381
1177 1575
244 2074
934 1700
623 958
1761 2204
1363 1443
1559 2056
355 1984
754 2214
883 2214
1033 1691
1962 2161
1041 2425
870 2288
987 1362
1140 2440
159 2239
413 1565
568 1179
49 2221
644 759
572 722
1059 1170
1336 1360
662 956
372 1034
1314 1462
142 1589
730 2220
1900 1959
134 1890
1930 2093
1084 1345
2056 2351
581 1319
342 347
1150 2156
1142 1987
29 2212
1055 2189
1346 2252
1875 2148
809 1581
811 1580
1361 2238
1405 2208
1835 2392
1928 1942
431 2466
544 1200
242 723
660 2033
778 923
336 1015
482 915
1562 1851
730 1225
626 1267
717 816
718 2439
225 1552
187 1856
1339 2237
470 888
503 913
1088 2458
178 339
597 1216
919 1820
683 1472
19 1829
1062 2193
11 1719
2010 2356
2417 2427
1672 2465
1320 1327
1484 1509
665 697
1075 1226
1132 1378
280 2475
1770 1795
27 1824
331 1401
1056 2096
672 1827
1185 1317
686 1942
568 1986
423 2386
489 1366
1047 1387
172 1165
145 564
78 1190
1272 1785
1417 2357
1105 2011
708 1026
188 2064
91 1129
360 1717
953 1077
1056 2245
1537 1832
814 1489
385 895
329 1704
2017 2249
1659 2267
207 428
81 1659
636 730
246 2130
899 948
1352 2261
1023 2025
1383 1925
773 926
1685 2142
1015 2138
752 1605
180 1886
331 426
641 680
1761 1829
436 1809
624 2384
177 1341
1254 1339
1111 1750
1440 1816
714 1172
1282 1494
275 1424
553 1994
529 805
1730 2098
336 1450
1916 2481
1422 1460
2011 2042
2244 2247
1052 1945
1676 2364
906 2483
556 1474
1159 1649
368 1629
939 1982
1762 2061
1096 2063
691 2052
767 1496
413 1457
957 2468
1052 2400
726 2039
121 207
1748 2164
824 1820
247 2451
201 2313
1937 2192
1009 1642
567 1543
360 1981
349 1681
822 1054
1506 2453
1179 2419
574 1726
729 1125
1460 2180
2232 2292
1152 1794
721 1420
397 2436
616 900
445 908
397 1365
1144 2388
444 2022
147 1288
873 1995
1295 2437
69 1324
1526 2462
710 2450
569 1139
901 2343
856 1995
1125 1547
666 2451
495 585
1605 2347
338 2199
363 2377
809 1954
1936 2327
814 1985
1202 2389